0.0 1.4617
0.1 1.4617
0.2 1.4618
0.3 1.4618
0.4 1.4623
0.5 1.474
0.6 1.4873
0.7 1.5092
0.8 1.5181
0.9 1.522
1.0 1.5234
1.1 1.5236
1.2 1.523
1.3 1.5213
1.4 1.5186
1.5 1.514
1.6 1.5065
1.7 1.4921
1.8 1.4863
1.9 1.4804
2.0 1.4753
2.1 1.4703
2.2 1.4658
2.3 1.4616
2.4 1.4583
2.5 1.4554
2.6 1.4531
2.7 1.4513
2.8 1.45
2.9 1.4492
3.0 1.4486
3.1 1.4483
3.2 1.4483
3.3 1.4484
3.4 1.4487
3.5 1.4493
3.6 1.4499
3.7 1.4508
3.8 1.4518
3.9 1.4533
4.0 1.4549
4.1 1.4568
4.2 1.459
4.3 1.4618
4.4 1.4648
4.5 1.4685
4.6 1.4727
4.7 1.4781
4.8 1.4839
4.9 1.4909
5.0 1.4987
5.1 1.5081
5.2 1.5174
5.3 1.5276
5.4 1.5378
5.5 1.549
5.6 1.5592
5.7 1.5697
5.8 1.5796
5.9 1.5901
6.0 1.5991
6.1 1.6083
6.2 1.617
6.3 1.6261
6.4 1.6339
6.5 1.6421
6.6 1.6498
6.7 1.6578
6.8 1.6647
6.9 1.6716
7.0 1.6783
7.1 1.6853
7.2 1.6915
7.3 1.6977
7.4 1.7037
7.5 1.7099
7.6 1.7154
7.7 1.7209
7.8 1.7261
7.9 1.7317
8.0 1.7362
8.1 1.7412
8.2 1.7459
8.3 1.7508
8.4 1.7552
8.5 1.7597
8.6 1.7638
8.7 1.7683
8.8 1.7722
8.9 1.7762
9.0 1.78
9.1 1.784
9.2 1.7875
9.3 1.791
9.4 1.7945
9.5 1.798
9.6 1.8011
9.7 1.8045
9.8 1.8076
9.9 1.8109
10.0 1.8138
10.1 1.8167
10.2 1.8195
0.0 1.4603
0.1 1.4602
0.2 1.4602
0.3 1.4602
0.4 1.461
0.5 1.4733
0.6 1.4863
0.7 1.5081
0.8 1.5169
0.9 1.5206
1.0 1.522
1.1 1.5222
1.2 1.5214
1.3 1.5197
1.4 1.5168
1.5 1.512
1.6 1.5035
1.7 1.49
1.8 1.4844
1.9 1.4785
2.0 1.4734
2.1 1.4684
2.2 1.464
2.3 1.4599
2.4 1.4566
2.5 1.4538
2.6 1.4516
2.7 1.4498
2.8 1.4486
2.9 1.4478
3.0 1.4474
3.1 1.4471
3.2 1.4471
3.3 1.4472
3.4 1.4476
3.5 1.4481
3.6 1.4488
3.7 1.4497
3.8 1.4508
3.9 1.4523
4.0 1.4539
4.1 1.4559
4.2 1.4582
4.3 1.4612
4.4 1.4642
4.5 1.468
4.6 1.4724
4.7 1.478
4.8 1.4838
4.9 1.491
5.0 1.499
5.1 1.5086
5.2 1.5178
5.3 1.528
5.4 1.5384
5.5 1.5496
5.6 1.5598
5.7 1.5702
5.8 1.5801
5.9 1.5906
6.0 1.5995
6.1 1.6088
6.2 1.6174
6.3 1.6264
6.4 1.6344
6.5 1.6424
6.6 1.65
6.7 1.658
6.8 1.6648
6.9 1.6718
7.0 1.6784
7.1 1.6854
7.2 1.6915
7.3 1.6978
7.4 1.7037
7.5 1.71
7.6 1.7155
7.7 1.721
7.8 1.7263
7.9 1.7318
8.0 1.7367
8.1 1.7417
8.2 1.7464
8.3 1.7514
8.4 1.7557
8.5 1.7601
8.6 1.7642
8.7 1.7678
8.8 1.7726
8.9 1.7765
9.0 1.7803
9.1 1.7843
9.2 1.7878
9.3 1.7914
9.4 1.7948
9.5 1.7983
9.6 1.8015
9.7 1.8048
9.8 1.8079
9.9 1.8111
10.0 1.814
10.1 1.8169
10.2 1.8197
10.3 1.8227
10.4 1.8252
10.5 1.8279
10.6 1.8304
10.7 1.8331
10.8 1.8354
10.9 1.8378
11.0 1.84
11.1 1.8424
11.2 1.8446
11.3 1.8468
11.4 1.8489
11.5 1.8511
11.6 1.8531
11.7 1.8551
11.8 1.857
11.9 1.8591
12.0 1.8609
12.1 1.8628
12.2 1.8645
12.3 1.8664
12.4 1.868
12.5 1.8697
12.6 1.8713
12.7 1.873
12.8 1.8745
12.9 1.8761
13.0 1.8775
13.1 1.8791
13.2 1.8804
13.3 1.8819
13.4 1.8832
13.5 1.8847
13.6 1.886
13.7 1.8873
13.8 1.8885
13.9 1.8899
14.0 1.8911
14.1 1.8923
14.2 1.8934
14.3 1.8946
14.4 1.8957
14.5 1.8968
14.6 1.8979
14.7 1.8991
14.8 1.9
14.9 1.9011
15.0 1.9021
15.1 1.9031
15.2 1.904
15.3 1.905
15.4 1.9059
15.5 1.9069
15.6 1.9077
15.7 1.9086
15.8 1.9094
15.9 1.9104
16.0 1.9112
16.1 1.912
16.2 1.9128
16.3 1.9136
16.4 1.9144
16.5 1.9145
6.44111 1.642
8.00278 1.7377
2.94466 1.4477
0.14567 1.4605
4.86823 1.4885
4.28672 1.462
5.11506 1.5098
8.38395 1.755
6.62175 1.6549
3.73063 1.4506
7.18287 1.6908
1.07456 1.5225
8.8737 1.7754
8.46607 1.7598
3.91494 1.4534
1.30302 1.5196
7.52362 1.7114
0.89599 1.5212
4.45786 1.4668
1.67782 1.4905
9.6649 1.8034
6.79334 1.6665
7.83002 1.7279
3.58613 1.4494
3.65095 1.4493
5.26793 1.5246
7.98975 1.7359
8.62649 1.7651
9.85025 1.8093
7.94564 1.7359
4.88819 1.4932
0.32755 1.4606
3.66009 1.4497
5.74823 1.5748
0.33753 1.4606
4.81159 1.4849
3.41558 1.4481
4.94109 1.4937
9.19916 1.7875
5.44977 1.548
4.80892 1.4873
1.02472 1.5227
5.24426 1.5229
3.78175 1.4514
8.47261 1.7588
9.31015 1.7914
6.27887 1.6273
1.18548 1.5218
0.70692 1.5119
0.60261 1.4885
3.8662 1.4521
5.85339 1.5854
6.88762 1.6707
3.38439 1.4481
2.63422 1.4508
4.09389 1.4562
0.1464 1.4607
9.04373 1.7816
3.85899 1.4527
1.30295 1.5198
4.91685 1.4918
4.16942 1.4587
3.41667 1.4483
2.52881 1.4532
4.49876 1.4682
3.74645 1.451
4.32581 1.4622
4.82322 1.4853
0.80047 1.5181
7.04047 1.6808
6.32859 1.6305
4.98767 1.5006
6.58685 1.6487
7.98098 1.735
4.93426 1.4963
7.51547 1.7104
5.50347 1.5525
8.5332 1.761
9.93542 1.8118
8.91008 1.7778
2.83722 1.4487
7.88193 1.7309
9.20104 1.7874
4.98096 1.4997
8.6573 1.7668
3.69475 1.4506
6.22571 1.6196
1.84645 1.4804
5.9797 1.5969
4.57298 1.4729
2.23682 1.4618
4.23632 1.4598
9.66667 1.8031
5.04792 1.5069
5.74695 1.5748
4.69895 1.4801
3.41954 1.4484
7.26213 1.6952
1.21692 1.5216
3.50907 1.4488
0.30285 1.4607
4.24298 1.4598
6.27363 1.6241
1.18882 1.5219
3.79501 1.4514
7.7897 1.7251
2.51392 1.4536
4.38825 1.4642
2.29442 1.4596
1.54858 1.5077
0.91612 1.5216
6.34193 1.6288
0.87359 1.5209
1.27895 1.521
9.68458 1.804
5.58717 1.5619
9.4866 1.7975
8.55925 1.7638
4.2095 1.6254
1.33016 1.5194
0.00049 1.4608
1.57999 1.5082
1.27096 1.5205
1.24322 1.5205
0.0663 1.4607
1.67442 1.493
1.74102 1.4931
0.2389 1.4606
1.54052 1.5108
2.56749 1.4532
0.91572 1.5217
0.53072 1.4775
0.25801 1.4607
1.3262 1.5199
1.42791 1.5168
2.49402 1.4547
1.56199 1.5068
2.96878 1.4482
1.89104 1.4788
0.61918 1.4917
1.62897 1.5025
0.02891 1.4607
2.8892 1.4486
0.80466 1.5182
1.05621 1.5228
1.26675 1.5213
2.6165 1.4522
2.29532 1.46
0.96209 1.5224
1.56403 1.5098
0.13872 1.4608
1.18382 1.5223
0.40561 1.4617
1.81352 1.4849
0.75894 1.5157
0.61042 1.4897
2.69585 1.4507
0.48174 1.472
2.9498 1.4484
2.54168 1.4534
2.23346 1.4622
1.41586 1.5165
0.15149 1.4608
0.46284 1.4672
1.18178 1.5224
2.82734 1.4492
1.57418 1.5054
2.82871 1.4493
0.01641 1.4608
0.4543 1.4676
1.52317 1.5112
0.69345 1.5104
2.48156 1.4548
1.80569 1.4832
0.69419 1.5117
2.21105 1.4641
1.66431 1.4913
1.74759 1.4876
1.45114 1.5138
0.9655 1.5226
1.85442 1.4819
1.96628 1.4761
20.92173 1.9364
16.41568 1.9148
19.06187 1.9303
20.41136 1.9357
17.57956 1.9226
18.7182 1.9286
20.60622 1.9361
16.01286 1.9117
20.41741 1.9356
18.01569 1.9248
18.34083 1.9263
20.04891 1.9342
17.39943 1.9213
19.7417 1.9328
19.01763 1.9297
18.37801 1.9267
19.93007 1.9337
18.61191 1.9278
16.74123 1.9171
20.77235 1.937
19.82791 1.9335
17.16764 1.9199
16.69766 1.9169
18.68766 1.9282
19.56234 1.9321
17.35798 1.9212
18.11134 1.9252
17.91984 1.9244
16.47231 1.9153
19.8178 1.9332
16.33463 1.9142
16.19619 1.9132
17.0343 1.919
18.74387 1.9285
19.88624 1.9336
20.27638 1.9352
18.60823 1.928
20.82773 1.9373
16.7423 1.9171
18.31407 1.9264
20.66185 1.9367
17.13075 1.9197
18.70021 1.9285
20.88032 1.9374
17.17087 1.92
17.73715 1.9233
19.25113 1.931
19.70534 1.9329
19.71838 1.9329
17.94917 1.9246
20.26901 1.9353
20.18451 1.935
17.22566 1.9204
16.13191 1.9126
16.92929 1.9182
19.41685 1.9317
16.91566 1.9183
20.40122 1.9357
20.34921 1.9354
24.94585 1.9475
23.27087 1.9442
29.2221 1.9535
26.77416 1.9502
27.03132 1.9505
21.01498 1.9379
25.0886 1.9478
20.02776 1.9344
27.36452 1.9512
25.0131 1.9478
21.36265 1.9392
26.1124 1.9495
25.87118 1.9492
22.88734 1.9434
23.819 1.9455
21.29418 1.939
28.10423 1.9521
23.5132 1.9447
22.11577 1.9413
25.44273 1.9484
22.02516 1.9411
23.58491 1.9448
23.74717 1.9452
25.10551 1.9478
22.00763 1.941
25.81085 1.949
30.79958 1.9548
29.5092 1.9536
21.71701 1.9403
21.93255 1.9409
32.93781 1.9563
31.64019 1.9555
21.28756 1.9389
28.87979 1.9529
21.82694 1.9405
20.85228 1.9375
27.4762 1.9513
29.10116 1.953
23.29961 1.9443
24.6074 1.9469
26.6191 1.9502
22.57291 1.9425
27.38439 1.9512
27.76845 1.9516
22.48976 1.9423
20.90792 1.9376
22.14404 1.9413
30.2775 1.9541
21.708 1.9401
28.52887 1.9525
1.41904 1.5161
29.20041 1.9532
9.00461 1.7827
17.91389 1.9241
10.07483 1.8179
6.81771 1.6698
15.19456 1.904
32.42007 1.9559
8.8429 1.7766
2.19829 1.4637
14.25158 1.894
20.10739 1.9344
13.68643 1.8877
2.06827 1.4698
27.52235 1.9513
4.37645 1.4659
0.89707 1.5221
20.75213 1.9369
3.46833 1.4492
15.03118 1.9022
31.30433 1.9551
6.78422 1.668
20.24138 1.935
11.93044 1.8605
15.94664 1.9107
23.22396 1.944
3.45559 1.4493
15.82109 1.9095
16.38653 1.914
33.16368 1.9564
0.25823 1.4613
22.80414 1.9428
20.90944 1.9375
3.51143 1.4497
15.58463 1.9074
10.58568 1.8314
31.94933 1.9556
21.80053 1.9404
2.02886 1.4718
1.44785 1.5147
0.26903 1.4613
10.11522 1.8171
27.56421 1.9513
23.31874 1.9443
3.81071 1.4529
16.1364 1.912
18.85358 1.929
27.29754 1.951
28.01446 1.9519
23.69802 1.9451
32.93965 1.9562
7.13487 1.693
17.90208 1.9241
12.09911 1.8636
27.75444 1.9516
30.11553 1.9541
20.15668 1.935
8.26192 1.7527
18.32188 1.9264
5.6179 1.5669
8.5125 1.7611
9.69896 1.805
1.84932 1.481
23.00919 1.9434
18.50999 1.9276
27.49469 1.9513
17.76147 1.9235
16.99773 1.9188
26.15138 1.9495
9.37327 1.7959
2.37137 1.458
9.02525 1.7814
15.13119 1.9031
9.93367 1.8135
14.82084 1.9001
26.22817 1.9496
32.06017 1.9556
24.50865 1.9468
17.29437 1.9207
16.45635 1.915
33.01927 1.9562
27.93102 1.9519
22.93191 1.9434
33.10646 1.9563
1.36192 1.5193
10.11466 1.8171
10.50145 1.8277
8.42192 1.7584
15.68245 1.9082
26.29265 1.9496
3.82073 1.4535
28.68486 1.9525
20.92198 1.9376
30.65934 1.9545
29.61158 1.9534
4.01904 1.4569
12.97589 1.8768
7.60378 1.718
11.3272 1.8471
17.62704 1.9223
8.67842 1.7696
27.66136 1.9514
2.60805 1.4526
1.36415 1.5194
31.84325 1.9552
18.78761 1.929
26.3094 1.9497
8.07804 1.7434
29.44374 1.9532
12.79564 1.8753
20.44356 1.9357
21.93492 1.9406
18.88924 1.9294
11.58645 1.854
31.37398 1.9549
9.8187 1.8104
2.47649 1.4556
19.72047 1.9328
15.46007 1.9067
22.49963 1.9422
2.65958 1.4519
4.57776 1.4727
24.10348 1.9457
4.97519 1.5015
25.76429 1.9488
4.53047 1.4725
14.43432 1.8958
23.26374 1.944
32.29819 1.9556
19.77013 1.9333
4.85198 1.4919
15.18193 1.9035
5.65299 1.5702
19.87004 1.9333
18.6895 1.9282
23.78348 1.945
3.72972 1.4525
5.54018 1.5542
26.03587 1.9491
17.77936 1.9234
19.18729 1.9305
26.70844 1.9501
17.33416 1.9207
32.82344 1.956
27.98953 1.9514
11.14664 1.8447
3.72279 1.4526
23.08247 1.9431
10.33799 1.8249
28.34928 1.9518
4.39219 1.4675
25.38279 1.9478
23.22065 1.9436
21.19208 1.938
15.50222 1.9069
24.55428 1.9463
34.01676 1.9566
7.42134 1.7088
18.37479 1.9261
13.74211 1.8881
6.78095 1.667
31.73843 1.955
17.30203 1.9202
5.49503 1.5548
11.83139 1.8576
7.54222 1.7145
7.29366 1.6999
29.55325 1.953
25.76288 1.9485
32.04677 1.9553
30.10526 1.9536
24.47802 1.9462
0.27158 1.4627
14.99358 1.9015
16.49972 1.9143
23.36213 1.9438
18.41613 1.9266
15.02646 1.9025
13.34094 1.8828
33.79048 1.9565
32.62801 1.9559
23.25482 1.9438
20.39346 1.9354
16.06715 1.9117
26.56703 1.9497
30.74667 1.9543
21.77912 1.9399
17.13935 1.9193
1.78052 1.4871
8.93592 1.7775
23.65842 1.9445
0.53395 1.4819
28.81339 1.9523
20.94694 1.9373
11.96329 1.8611
3.66923 1.4524
6.37906 1.6325
0.27456 1.463
28.78081 1.9522
29.50019 1.9529
31.20306 1.9545
7.2078 1.6958
11.74524 1.8559
8.61567 1.7667
14.16741 1.8926
0.53147 1.4821
1.87082 1.4832
4.41962 1.4671
14.83419 1.8998
23.59804 1.9444
24.36206 1.946
5.25243 1.5284
25.72874 1.9484
29.19009 1.9527
27.30129 1.9506
6.21996 1.6243
30.76526 1.9541
13.77219 1.8887
21.21372 1.938
5.12893 1.516
33.03266 1.956
15.12662 1.9034
12.35482 1.868
15.57993 1.907
18.19772 1.9252
14.51323 1.8972
0.0 1.4625
0.05 1.4625
0.1 1.4625
0.15 1.4625
0.2 1.4625
0.25 1.4624
0.3 1.4624
0.35 1.4624
0.4 1.4642
0.45 1.4642
0.5 1.477
0.55 1.477
0.6 1.49
0.65 1.4901
0.7 1.5122
0.75 1.5123
0.8 1.5195
0.85 1.5195
0.9 1.5229
0.95 1.5229
1.0 1.5241
1.05 1.5241
1.1 1.5241
1.15 1.5242
1.2 1.5233
1.25 1.5233
1.3 1.5214
1.35 1.5214
1.4 1.5185
1.45 1.5185
1.5 1.5136
1.55 1.5134
1.6 1.5046
1.65 1.5045
1.7 1.4915
1.75 1.4915
1.8 1.4858
1.85 1.4858
1.9 1.4798
1.95 1.4797
2.0 1.4747
2.05 1.4747
2.1 1.4697
2.15 1.4697
2.2 1.4654
2.25 1.4654
2.3 1.4613
2.35 1.4612
2.4 1.4581
2.45 1.4581
2.5 1.4554
2.55 1.4553
2.6 1.4533
2.65 1.4532
2.7 1.4515
2.75 1.4515
2.8 1.4504
2.85 1.4503
2.9 1.4496
2.95 1.4496
3.0 1.4491
3.05 1.4491
3.1 1.4489
3.15 1.4488
3.2 1.4489
3.25 1.4488
3.3 1.449
3.35 1.449
3.4 1.4493
3.45 1.4494
3.5 1.4499
3.55 1.4499
3.6 1.4506
3.65 1.4506
3.7 1.4515
3.75 1.4515
3.8 1.4526
3.85 1.4526
3.9 1.4541
3.95 1.4541
4.0 1.4557
4.05 1.4557
4.1 1.4577
4.15 1.4577
4.2 1.4599
4.25 1.46
4.3 1.4629
4.35 1.4629
4.4 1.4659
4.45 1.466
4.5 1.4697
4.55 1.4697
4.6 1.474
4.65 1.4741
4.7 1.4795
4.75 1.4796
4.8 1.4854
4.85 1.4855
4.9 1.4926
4.95 1.4926
0.0 1.4618
0.05 1.4617
0.1 1.4617
0.15 1.4617
0.2 1.4617
0.25 1.4617
0.3 1.4617
0.35 1.4616
0.4 1.4636
0.45 1.4635
0.5 1.4765
0.55 1.4764
0.6 1.4894
0.65 1.4894
0.7 1.5115
0.75 1.5116
0.8 1.5189
0.85 1.5189
0.9 1.5222
0.95 1.5222
1.0 1.5234
1.05 1.5234
1.1 1.5235
1.15 1.5234
1.2 1.5226
1.25 1.5226
1.3 1.5208
1.35 1.5207
1.4 1.5178
1.45 1.5178
1.5 1.5129
1.55 1.5128
1.6 1.504
1.65 1.5039
1.7 1.4909
1.75 1.4908
1.8 1.4852
1.85 1.4852
1.9 1.4791
1.95 1.4791
2.0 1.474
2.05 1.474
2.1 1.469
2.15 1.469
2.2 1.4647
2.25 1.4647
2.3 1.4607
2.35 1.4606
2.4 1.4575
2.45 1.4574
2.5 1.4547
2.55 1.4547
2.6 1.4526
2.65 1.4526
2.7 1.4508
2.75 1.4508
2.8 1.4497
2.85 1.4497
2.9 1.4489
2.95 1.4489
3.0 1.4484
3.05 1.4484
3.1 1.4482
3.15 1.4482
3.2 1.4481
3.25 1.4482
3.3 1.4484
3.35 1.4483
3.4 1.4487
3.45 1.4487
3.5 1.4492
3.55 1.4492
3.6 1.4499
3.65 1.4499
3.7 1.4508
3.75 1.4508
3.8 1.4519
3.85 1.4519
3.9 1.4534
3.95 1.4534
