  A0   2414.3 150101.6  -3882.4   -284.6 
 A#0   4251.1  96589.0  -4319.8   -234.6 need on DR
  B0   2496.7 135772.0  -1898.9    -70.3 
  C1   2623.1 111058.3  -3206.0   -252.2 
 C#1   1547.8 122052.2  -3608.8   -181.3 
  D1    702.8 127257.7  -2365.4    -42.3 
 D#1   1778.0 117963.2  -2765.9   -233.0 
  E1    962.6  62709.9  -4254.9   -474.7 
  F1   2490.1  99120.9  -3630.2   -365.4 
 F#1   3805.5 122254.4  -3953.3   -373.6 need on DR
  G1   3479.7 131341.8  -3666.5   -340.7 
 G#1    597.8 116752.8  -3841.8   -287.9 
  A1   2901.1 136316.5  -2727.5   -194.5 
 A#1   3490.1 128274.2  -4676.9   -580.2 
  B1   1734.1 104653.8  -3551.7   -254.9 
  C2   3811.0 134388.5  -2711.0   -309.9 
 C#2   1037.4 116917.6  -3514.3   -105.5 
  D2   1753.9 141625.3  -3876.9   -263.7 
 D#2     51.6 106070.3  -2989.0   -211.0 
  E2   2509.9 100949.4  -3646.1   -268.1 
  F2   2597.8 102617.6  -3797.8   -211.0 
 F#2    891.2 154109.4  -4219.8   -303.3 
